90
198.328  356.951  88.2796  417.185
244.604  374.289  206.788  394.874
322.481  104.382  400.269  123.828
510.894  269.066  567.889  333.939
72.9678  170.853  270.547  112.535
355.956  397.72  251.562  450.192
386.366  140.207  459.327  164.876
271.854  125.461  361.787  134.194
332.897  99.2178  407.757  121.502
374.016  397.225  263.481  455.511
197.458  357.275  88.2796  417.185
67.0645  166.125  268.059  107.424
378.365  144.857  446.473  171.104
305.1  136.501  381.624  152.292
76.1973  161.092  277.719  100.588
333.17  95.1272  410.403  116.57
510.595  264.395  564.282  329.716
285.333  213.748  351.789  223.589
76.3218  176.185  274.741  114.872
345.817  393.054  248.249  443.287
367.789  385.013  272.536  440.1
331.679  99.6192  407.757  121.502
242.225  370.119  210.052  390.027
347.071  208.944  427.618  218.166
67.0645  166.125  268.414  106.158
71.1144  169.452  268.844  110.829
300.714  176.292  374.318  189.665
73.7425  191.793  271.857  127.426
332.481  95.5285  410.179  117.129
273.545  203.971  335.797  216.914
74.6516  161.188  277.108  101.664
259.328  124.416  354.408  129.131
305.365  109.21  411.505  109.932
30.7564  149.457  244.399  91.0218
347.659  91.5732  426.971  113.178
258.045  142.74  352.041  147.703
183.189  334.769  84.7346  401.851
383.48  136.866  456.6  162.454
213.194  427.267  140.223  442.311
173.932  339.546  73.2053  406.847
252.316  420.671  162.881  447.05
90.8523  163.449  289.716  100.848
360.866  95.8025  434.483  118.949
254.725  399.613  186.864  425.918
267.028  130.736  360.502  138.249
162.373  350.608  63.7667  413.611
262.559  124.327  355.854  129.227
349.603  99.6397  428.024  118.172
316.887  118.013  395.309  133.395
255.207  138.433  348.786  141.127
334.2  96.5171  412.022  119.127
378.766  178.499  448.167  199.625
255.834  389.978  197.783  412.611
350.314  94.7016  428.523  113.651
254.521  128.113  349.092  131.599
257.522  139.298  352.756  145.062
253.955  147.042  347.437  148.246
316.552  100.309  396.954  115.937
271.804  114.275  356.944  125.482
263.782  132.276  354.257  137.293
301.613  396.258  217.737  435.733
70.4167  164.329  278.177  102.701
320.296  389.997  233.628  435.344
353.167  94.8469  430.549  113.628
317.366  92.5305  396.813  108.75
335.525  107.724  411.652  132.211
308.523  146.444  385.093  165.375
433.184  203.732  568.628  210.662
381.093  133.353  452.931  162.612
345.966  207.305  424.165  222.992
252.095  142.987  344.864  142.75
367.629  196.712  434.112  213.24
266.843  121.991  358.402  124.895
367.44  160.944  435.954  189.275
432.055  203.464  568.628  210.662
336.896  121.973  414.806  134.771
305.331  163.643  382.819  181.211
306.817  118.567  381.093  132.755
309.984  181.738  380.409  190.315
313.198  104.933  409.164  118.387
250.671  114.247  349.672  125.849
305.231  187.028  367.919  211.351
290.703  405.646  215.547  429.124
391.357  143.359  457.638  165.5
277.04  112.315  359.72  120.465
352.22  217.091  431.302  234.604
369.22  116.415  449.137  129.02
357.044  114.646  432.495  128.822
326.165  196.813  427.14  186.175
356.73  203.016  434.949  223.485
